Round 1: 1,0,7,2,3,4,5,
Round 2: 0,1,3,5,7,8,9,
Round 3: 0,1,4,9,2,6,7,
Round 4: 1,0,3,4,5,7,8,
Round 5: 0,1,2,6,8,9,3,
Round 6: 1,0,3,4,5,7,2,
Round 7: 0,2,6,8,9,1,3,
Round 8: 3,0,2,4,5,6,7,
Round 9: 0,1,3,7,8,9,2,
Round 10: 4,0,1,2,3,5,6,
Round 11: 0,1,4,6,7,8,9,
Round 12: 0,1,2,3,5,9,4,
Round 13: 1,0,4,6,7,8,2,
Round 14: 0,2,3,5,9,1,4,
Round 15: 4,0,1,2,6,7,8,
Round 16: 0,9,1,3,4,5,8,
Round 17: 0,8,1,2,6,7,9,
Round 18: 0,3,4,5,8,9,1,
Round 19: 1,0,2,6,7,3,4,
Round 20: 0,1,4,5,8,9,2,
Round 21: 1,0,2,3,4,6,7,
Round 22: 1,0,3,5,7,8,9,
Round 23: 0,1,2,4,6,9,3,
Round 24: 1,0,3,4,5,7,8,
Round 25: 0,1,2,6,8,9,3,
Round 26: 3,0,1,4,5,7,2,
Round 27: 0,2,3,6,8,9,1,
Round 28: 4,0,1,3,5,7,8,
Round 29: 9,0,1,2,4,6,8,
Round 30: 3,8,9,0,1,5,7,
Round 31: 3,0,2,6,7,8,9,
Round 32: 0,1,3,4,5,9,2,
Round 33: 1,0,2,6,7,8,3,
Round 34: 0,3,4,5,9,1,2,
Round 35: 8,0,2,6,7,9,3,
Round 36: 0,3,4,5,8,1,2,
Round 37: 9,2,3,4,5,6,7,
Round 38: 0,1,7,8,9,2,3,
Round 39: 3,0,1,4,5,6,7,
Round 40: 0,2,3,7,8,9,1,
Round 41: 1,0,4,5,6,2,3,
Round 42: 0,1,3,7,8,9,4,
Round 43: 1,0,2,4,5,6,3,
Round 44: 0,3,7,8,9,1,2,
Round 45: 4,0,2,3,5,6,7,
Round 46: 0,1,4,7,8,9,2,
Round 47: 2,0,1,3,4,5,6,
Round 48: 0,1,2,6,7,8,9,
Round 49: 0,1,3,4,5,9,2,
Round 50: 1,0,2,6,7,8,3,
Round 51: 0,3,4,5,9,1,2,
Round 52: 8,0,2,3,4,6,7,
Round 53: 0,1,5,7,8,9,2,
Round 54: 3,0,1,2,4,5,6,
Round 55: 0,1,3,6,7,8,9,
Round 56: 0,2,4,5,9,1,3,
Round 57: 7,0,3,4,6,8,1,
Round 58: 0,1,2,5,7,9,3,
Round 59: 3,0,1,4,6,8,2,
Round 60: 0,1,2,3,5,7,9,
Round 61: 0,1,4,6,8,9,2,
Round 62: 1,0,2,3,5,7,4,
Round 63: 0,4,6,8,9,2,3,
Round 64: 1,0,3,5,7,4,6,
Round 65: 0,1,2,6,8,9,3,
Round 66: 1,0,3,4,5,7,8,
Round 67: 0,1,2,6,8,9,3,
Round 68: 4,0,1,3,5,7,2,
Round 69: 0,1,2,4,6,8,9,
Round 70: 0,1,3,5,7,9,2,
Round 71: 1,0,2,4,6,8,3,
Round 72: 0,3,7,9,5,1,2,
Round 73: 8,0,2,3,4,6,7,
Round 74: 0,1,5,7,8,9,2,
Round 75: 3,2,4,6,7,0,1,
Round 76: 1,0,3,5,8,9,2,
Round 77: 0,2,3,4,6,7,1,
Round 78: 5,0,1,3,4,8,9,
Round 79: 0,1,2,5,6,7,9,
Round 80: 0,3,4,8,9,1,2,
Round 81: 7,0,2,3,4,5,6,
Round 82: 0,1,6,7,8,9,2,
Round 83: 3,0,2,4,5,1,6,
Round 84: 0,3,6,7,8,9,1,
Round 85: 1,0,2,4,5,3,6,
Round 86: 0,1,6,7,8,9,2,
Round 87: 3,4,0,1,2,5,7,
Round 88: 0,8,9,1,3,4,6,
Round 89: 0,6,7,8,9,1,2,
Round 90: 3,0,2,4,5,6,1,
Round 91: 0,1,3,7,8,9,2,
Round 92: 4,0,1,2,3,5,6,
Round 93: 0,1,4,6,7,8,9,
Round 94: 0,1,2,3,5,9,4,
Round 95: 1,2,3,4,6,7,8,
Round 96: 0,1,2,5,8,9,3,
Round 97: 1,0,3,4,6,7,2,
Round 98: 0,2,5,8,9,1,3,
Round 99: 3,0,2,4,5,6,7,
Round 100: 0,1,3,7,8,9,2,
Round 101: 4,0,1,2,3,5,6,
Round 102: 0,4,6,7,8,9,1,
Round 103: 1,0,2,3,4,5,7,
Round 104: 0,1,6,7,8,9,2,
Round 105: 3,0,1,2,4,5,7,
Round 106: 0,3,6,7,8,9,1,
Round 107: 1,0,2,4,5,3,6,
Round 108: 0,6,7,8,9,1,2,
Round 109: 4,0,2,3,5,9,1,
Round 110: 0,1,4,6,7,8,2,
Round 111: 1,0,2,3,5,9,4,
Round 112: 0,1,4,6,7,8,2,
Round 113: 9,0,1,2,3,4,5,
Round 114: 0,5,6,7,8,9,1,
Round 115: 1,2,3,4,0,5,6,
Round 116: 9,0,1,2,3,4,6,
Round 117: 0,5,6,7,8,9,1,
Round 118: 1,2,3,4,0,5,6,
Round 119: 9,0,1,2,3,4,6,
Round 120: 0,1,5,6,7,8,9,
Round 121: 0,1,2,3,4,9,5,
Round 122: 7,0,1,2,3,5,6,
Round 123: 0,4,6,7,8,9,1,
Round 124: 1,0,2,3,5,4,6,
Round 125: 0,1,6,7,8,9,2,
Round 126: 4,0,1,2,3,5,7,
Round 127: 0,1,4,6,7,8,9,
Round 128: 0,1,2,3,5,9,4,
Round 129: 1,0,4,6,7,8,2,
Round 130: 0,2,3,5,9,1,4,
Round 131: 4,7,0,3,6,8,9,
Round 132: 1,9,0,2,4,5,7,
Round 133: 8,0,1,3,6,7,9,
Round 134: 0,1,2,4,5,8,9,
Round 135: 0,1,3,6,7,9,2,
Round 136: 4,0,1,2,5,7,8,
Round 137: 0,1,3,4,6,8,9,
Round 138: 1,0,2,5,7,9,3,
Round 139: 0,1,3,4,6,8,2,
Round 140: 1,0,2,5,7,9,3,
Round 141: 0,1,3,4,8,5,6,
Round 142: 0,1,2,6,7,9,3,
Round 143: 4,0,1,3,5,8,2,
Round 144: 0,1,2,4,6,7,9,
Round 145: 0,1,3,5,8,9,2,
Round 146: 1,0,2,4,6,7,3,
Round 147: 0,3,5,8,9,1,2,
Round 148: 4,0,2,6,7,8,9,
Round 149: 0,3,1,4,5,9,2,
Round 150: 3,0,1,2,4,6,7,
Round 151: 0,3,5,7,8,9,1,
Round 152: 1,2,4,6,0,3,5,
Round 153: 9,0,2,4,5,7,8,
Round 154: 0,1,3,8,9,6,2,
Round 155: 4,0,1,2,3,5,7,
Round 156: 0,1,4,6,7,8,9,
Round 157: 0,1,2,3,5,9,4,
Round 158: 1,0,4,6,7,8,2,
Round 159: 0,3,9,2,5,4,6,
Round 160: 1,0,3,6,7,8,9,
Round 161: 0,1,2,4,5,9,3,
Round 162: 1,0,3,6,7,8,2,
Round 163: 0,4,2,5,9,1,3,
Round 164: 3,0,4,6,7,8,9,
Round 165: 0,1,2,3,5,9,4,
Round 166: 4,0,1,6,7,8,2,
Round 167: 0,9,1,2,3,4,5,
Round 168: 0,1,5,6,7,8,9,
Round 169: 0,1,2,3,4,9,5,
Round 170: 1,0,5,6,7,8,2,
Round 171: 0,9,1,2,3,4,5,
Round 172: 8,0,1,5,6,7,9,
Round 173: 0,1,2,3,4,8,9,
Round 174: 0,1,5,6,7,9,2,
Round 175: 1,0,2,3,4,8,5,
Round 176: 0,5,6,7,9,1,2,
Round 177: 3,0,2,4,5,8,1,
Round 178: 0,1,3,6,7,9,2,
Round 179: 4,0,1,2,5,8,3,
Round 180: 0,9,1,3,4,6,7,
Round 181: 0,7,1,2,5,8,9,
Round 182: 0,3,4,6,7,9,1,
Round 183: 1,0,2,5,8,3,4,
Round 184: 0,1,4,6,7,9,2,
Round 185: 1,0,2,3,5,8,4,
Round 186: 0,4,6,7,9,1,2,
Round 187: 8,0,2,3,5,9,1,
Round 188: 0,1,4,6,7,8,2,
Round 189: 1,0,2,3,5,9,4,
Round 190: 0,1,4,6,7,8,2,
Round 191: 9,0,1,2,3,5,4,
Round 192: 0,1,4,6,7,8,9,
Round 193: 0,1,2,3,5,9,4,
Round 194: 4,0,1,6,7,8,2,
Round 195: 0,9,1,2,3,4,5,
Round 196: 0,7,8,1,5,6,9,
Round 197: 0,2,3,4,9,1,7,
Round 198: 0,5,7,8,1,2,3,
Round 199: 9,0,3,4,5,6,7,
Round 200: 0,1,2,7,8,9,3,
Round 201: 4,0,1,3,5,6,2,
Round 202: 0,1,2,4,7,8,9,
Round 203: 0,1,3,5,6,9,2,
Round 204: 1,0,4,7,8,2,3,
Round 205: 0,1,3,5,6,9,4,
Round 206: 1,0,2,4,7,8,3,
Round 207: 0,3,5,6,9,1,2,
Round 208: 8,0,1,2,3,4,7,
Round 209: 0,1,5,6,7,8,9,
Round 210: 0,1,2,3,4,9,5,
Round 211: 8,0,1,3,5,6,7,
Round 212: 0,1,2,4,7,8,9,
Round 213: 0,1,3,5,6,9,2,
Round 214: 8,0,1,2,4,7,3,
Round 215: 0,1,3,5,6,8,9,
Round 216: 0,1,2,4,7,9,3,
Round 217: 3,0,1,5,6,8,2,
Round 218: 0,1,2,3,4,7,9,
Round 219: 0,1,5,6,8,9,2,
Round 220: 1,0,2,3,4,7,5,
Round 221: 0,5,6,8,9,1,2,
Round 222: 3,0,2,4,7,8,1,
Round 223: 0,1,9,3,5,6,2,
Round 224: 4,0,1,2,7,8,9,
Round 225: 0,1,3,4,5,6,9,
Round 226: 0,1,2,7,8,9,3,
Round 227: 3,0,1,4,5,6,7,
Round 228: 9,0,1,2,3,7,8,
Round 229: 0,1,4,5,6,8,9,
Round 230: 0,1,2,3,7,9,4,
Round 231: 8,0,1,4,5,6,2,
Round 232: 0,1,2,3,7,8,9,
Round 233: 0,9,1,4,5,6,2,
Round 234: 3,7,0,2,8,9,1,
Round 235: 0,1,3,4,5,6,7,
Round 236: 0,1,2,7,8,9,3,
Round 237: 3,0,1,4,5,6,2,
Round 238: 9,0,1,2,3,7,8,
Round 239: 0,1,4,5,6,8,9,
Round 240: 0,1,2,3,7,9,4,
Round 241: 1,4,8,0,5,6,2,
Round 242: 0,2,3,4,7,8,9,
Round 243: 0,1,5,6,9,2,3,
Round 244: 1,0,3,4,7,8,5,
Round 245: 0,1,2,5,6,9,3,
Round 246: 1,0,3,4,7,8,2,
Round 247: 0,2,5,6,9,1,3,
Round 248: 3,0,4,5,7,8,2,
Round 249: 0,1,2,3,6,9,4,
Round 250: 4,0,1,5,7,8,2,
