Round 1: 0,7,1,3,4,8,2,
Round 2: 0,9,1,2,3,4,5,
Round 3: 0,9,1,3,5,6,7,
Round 4: 0,1,2,4,7,8,9,
Round 5: 0,1,3,5,6,9,2,
Round 6: 7,0,1,2,3,4,8,
Round 7: 9,0,1,5,6,7,8,
Round 8: 0,1,2,3,4,8,9,
Round 9: 0,1,3,5,6,7,9,
Round 10: 0,1,2,3,4,8,9,
Round 11: 0,5,6,7,9,1,2,
Round 12: 4,0,2,3,7,8,9,
Round 13: 0,1,4,5,6,9,2,
Round 14: 1,0,2,3,7,8,4,
Round 15: 0,1,4,5,6,9,2,
Round 16: 8,0,1,2,3,4,7,
Round 17: 0,1,5,6,7,8,9,
Round 18: 0,1,2,3,4,9,5,
Round 19: 8,0,1,3,5,6,7,
Round 20: 0,1,2,4,7,8,9,
Round 21: 0,1,3,5,6,9,2,
Round 22: 1,2,3,4,7,8,0,
Round 23: 0,1,5,6,9,2,3,
Round 24: 1,3,4,8,0,7,9,
Round 25: 9,0,1,3,4,5,6,
Round 26: 9,0,1,2,3,6,7,
Round 27: 0,1,4,5,7,8,9,
Round 28: 0,2,3,6,9,1,4,
Round 29: 7,0,2,4,5,8,1,
Round 30: 7,0,1,2,3,6,9,
Round 31: 0,1,4,5,7,9,8,
Round 32: 8,1,2,3,4,6,0,
Round 33: 0,1,7,8,9,2,3,
Round 34: 1,0,3,4,5,6,7,
Round 35: 0,1,2,7,8,9,3,
Round 36: 4,3,5,6,0,1,2,
Round 37: 9,0,2,3,4,7,8,
Round 38: 0,1,5,6,8,9,2,
Round 39: 3,1,2,4,7,0,5,
Round 40: 9,0,1,4,5,6,8,
Round 41: 0,1,2,3,7,8,9,
Round 42: 0,1,4,5,6,9,2,
Round 43: 1,0,2,3,4,7,8,
Round 44: 0,1,5,6,8,9,2,
Round 45: 1,0,2,3,4,7,5,
Round 46: 0,5,6,8,9,1,2,
Round 47: 3,0,2,4,7,8,9,
Round 48: 0,1,3,5,6,9,2,
Round 49: 8,1,2,3,4,7,0,
Round 50: 0,1,5,6,8,9,2,
Round 51: 7,0,1,2,3,4,6,
Round 52: 0,5,6,7,8,9,1,
Round 53: 1,0,2,3,4,5,6,
Round 54: 0,9,6,7,8,1,2,
Round 55: 3,0,2,4,5,8,9,
Round 56: 0,1,3,6,7,9,4,
Round 57: 8,0,1,2,3,4,5,
Round 58: 0,1,5,6,7,8,9,
Round 59: 0,1,2,3,4,9,5,
Round 60: 6,1,2,3,5,7,8,
Round 61: 0,4,6,8,9,1,2,
Round 62: 3,0,2,4,5,6,7,
Round 63: 0,1,3,7,8,9,2,
Round 64: 4,0,2,5,6,1,3,
Round 65: 0,3,4,7,8,9,2,
Round 66: 1,0,2,3,5,6,7,
Round 67: 0,1,4,7,8,9,2,
Round 68: 3,0,1,2,4,5,6,
Round 69: 0,1,3,6,7,8,9,
Round 70: 0,9,1,2,4,5,3,
Round 71: 1,3,8,0,6,7,9,
Round 72: 1,0,2,3,4,5,8,
Round 73: 0,1,6,7,8,9,2,
Round 74: 2,1,3,4,5,6,7,
Round 75: 0,1,2,7,8,9,3,
Round 76: 3,4,0,1,5,6,7,
Round 77: 0,3,7,8,9,1,2,
Round 78: 0,2,3,4,5,7,1,
Round 79: 1,6,8,9,0,2,4,
Round 80: 3,1,4,5,6,7,8,
Round 81: 0,1,2,3,8,9,4,
Round 82: 1,0,3,4,5,6,7,
Round 83: 0,1,2,7,8,9,3,
Round 84: 3,1,4,5,6,7,8,
Round 85: 0,1,2,3,8,9,4,
Round 86: 1,3,4,5,6,7,0,
Round 87: 0,1,2,8,9,3,4,
Round 88: 1,0,4,5,6,7,8,
Round 89: 0,1,2,3,8,9,4,
Round 90: 4,1,3,5,6,7,0,
Round 91: 0,1,2,4,8,9,3,
Round 92: 3,1,4,5,6,7,0,
Round 93: 0,1,2,3,8,9,4,
Round 94: 4,0,1,5,6,7,8,
Round 95: 0,2,3,4,8,9,1,
Round 96: 7,0,1,5,6,2,3,
Round 97: 0,1,3,4,7,8,9,
Round 98: 0,1,2,5,6,9,3,
Round 99: 1,0,3,4,7,8,2,
Round 100: 0,1,2,5,6,9,3,
Round 101: 1,0,3,4,7,8,2,
Round 102: 0,2,5,6,9,1,3,
Round 103: 3,0,4,7,8,9,1,
Round 104: 1,0,2,3,5,6,4,
Round 105: 0,1,4,7,8,9,2,
Round 106: 1,0,2,3,4,5,6,
Round 107: 0,1,6,7,8,9,2,
Round 108: 4,0,1,2,3,5,6,
Round 109: 0,1,4,6,7,8,9,
Round 110: 0,1,2,3,5,9,4,
Round 111: 1,0,4,6,7,8,2,
Round 112: 0,2,3,5,9,1,4,
Round 113: 8,0,2,3,4,6,7,
Round 114: 0,1,5,7,8,9,2,
Round 115: 3,0,1,2,4,6,5,
Round 116: 0,3,7,8,9,1,2,
Round 117: 3,0,2,4,5,6,7,
Round 118: 0,1,3,7,8,9,2,
Round 119: 4,0,1,2,3,5,6,
Round 120: 0,4,7,8,9,1,3,
Round 121: 3,0,2,4,5,6,7,
Round 122: 0,1,3,7,8,9,2,
Round 123: 1,0,2,4,5,6,3,
Round 124: 0,3,7,8,9,1,2,
Round 125: 4,0,2,3,5,6,7,
Round 126: 0,1,4,7,8,9,2,
Round 127: 3,0,1,2,4,5,6,
Round 128: 0,3,6,7,8,9,1,
Round 129: 1,0,2,4,5,3,6,
Round 130: 0,1,6,7,8,9,2,
Round 131: 3,0,1,2,4,5,6,
Round 132: 0,3,6,7,8,9,1,
Round 133: 1,0,2,4,5,3,6,
Round 134: 0,1,6,7,8,9,2,
Round 135: 4,1,2,3,5,6,7,
Round 136: 0,1,4,7,8,9,2,
Round 137: 3,0,1,2,4,5,6,
Round 138: 0,1,3,6,7,8,9,
Round 139: 0,1,2,3,4,5,9,
Round 140: 0,9,1,6,7,8,2,
Round 141: 3,0,1,2,4,5,9,
Round 142: 0,1,3,6,7,8,9,
Round 143: 0,1,2,4,5,9,3,
Round 144: 1,0,3,6,7,8,2,
Round 145: 0,2,4,5,9,1,3,
Round 146: 3,0,2,6,7,8,1,
Round 147: 0,1,3,4,5,9,2,
Round 148: 1,0,2,6,7,8,3,
Round 149: 0,1,3,4,5,9,2,
Round 150: 7,0,1,2,3,6,8,
Round 151: 0,5,7,8,9,1,4,
Round 152: 3,0,4,6,7,8,9,
Round 153: 0,1,9,2,3,5,4,
Round 154: 7,0,1,4,6,8,9,
Round 155: 0,1,2,3,5,7,9,
Round 156: 0,8,9,1,3,4,6,
Round 157: 0,2,6,7,8,9,1,
Round 158: 1,0,3,4,5,2,6,
Round 159: 0,1,6,7,8,9,3,
Round 160: 3,0,1,2,4,5,8,
Round 161: 0,1,3,6,7,8,9,
Round 162: 0,9,1,2,4,5,3,
Round 163: 1,3,6,7,8,0,4,
Round 164: 9,1,2,3,4,0,5,
Round 165: 1,0,5,6,7,8,9,
Round 166: 0,1,2,3,4,9,5,
Round 167: 1,0,5,6,7,8,2,
Round 168: 0,1,2,3,4,9,5,
Round 169: 1,0,5,6,7,8,2,
Round 170: 0,2,3,4,9,1,5,
Round 171: 8,0,2,5,6,7,1,
Round 172: 0,1,3,4,8,9,2,
Round 173: 7,0,1,2,5,6,3,
Round 174: 0,1,3,4,8,9,7,
Round 175: 0,1,2,5,7,3,4,
Round 176: 9,0,1,4,6,8,2,
Round 177: 0,1,2,3,5,7,4,
Round 178: 1,0,4,6,8,9,2,
Round 179: 0,2,3,5,7,1,4,
Round 180: 9,0,4,6,8,1,2,
Round 181: 0,2,3,5,7,9,1,
Round 182: 1,0,4,6,8,2,3,
Round 183: 0,3,5,7,9,1,4,
Round 184: 4,0,1,2,6,8,9,
Round 185: 0,1,3,4,5,7,9,
Round 186: 0,1,2,6,8,9,3,
Round 187: 1,0,3,4,5,7,8,
Round 188: 0,1,2,6,8,9,3,
Round 189: 3,0,1,4,5,7,8,
Round 190: 0,1,2,3,4,6,8,
Round 191: 0,1,5,7,8,9,2,
Round 192: 3,0,1,2,4,6,8,
Round 193: 0,1,3,4,5,7,8,
Round 194: 0,1,2,6,8,9,3,
Round 195: 3,0,1,4,5,7,2,
Round 196: 0,9,1,2,3,6,8,
Round 197: 0,4,7,8,1,5,9,
Round 198: 0,2,3,9,1,4,6,
Round 199: 8,0,2,3,5,6,7,
Round 200: 0,1,4,7,8,9,2,
Round 201: 3,0,1,2,5,6,4,
Round 202: 0,1,3,4,7,8,9,
Round 203: 0,2,5,6,9,1,3,
Round 204: 3,0,4,7,8,9,1,
Round 205: 0,1,2,3,5,6,4,
Round 206: 1,4,7,8,0,9,2,
Round 207: 0,2,3,4,5,6,7,
Round 208: 0,1,7,8,2,9,3,
Round 209: 3,1,4,5,6,7,8,
Round 210: 9,0,1,2,3,8,4,
Round 211: 0,1,4,5,6,7,9,
Round 212: 0,1,9,2,3,8,4,
Round 213: 4,0,1,5,6,7,9,
Round 214: 0,9,1,2,3,4,8,
Round 215: 0,5,6,7,8,9,1,
Round 216: 1,2,3,4,5,0,6,
Round 217: 9,0,2,6,7,8,1,
Round 218: 0,1,3,4,5,9,2,
Round 219: 8,0,1,2,6,7,3,
Round 220: 0,1,3,4,5,8,9,
Round 221: 0,1,2,6,7,9,3,
Round 222: 1,0,3,4,5,8,2,
Round 223: 0,2,6,7,9,1,3,
Round 224: 3,0,4,5,8,9,1,
Round 225: 0,1,2,3,6,7,4,
Round 226: 9,0,1,4,5,8,2,
Round 227: 0,1,2,3,6,7,9,
Round 228: 0,1,4,5,8,9,2,
Round 229: 1,0,2,3,6,7,4,
Round 230: 0,4,5,8,9,1,2,
Round 231: 3,7,0,2,4,6,8,
Round 232: 0,8,9,1,3,5,7,
Round 233: 0,2,4,7,8,9,1,
Round 234: 1,0,3,5,6,2,4,
Round 235: 0,1,9,4,7,8,3,
Round 236: 3,1,2,5,6,9,0,
Round 237: 0,1,3,4,7,8,2,
Round 238: 9,0,1,2,5,6,3,
Round 239: 0,1,3,4,7,8,9,
Round 240: 0,1,2,5,6,9,3,
Round 241: 7,0,1,3,4,8,2,
Round 242: 0,2,5,6,7,9,1,
Round 243: 1,2,3,4,8,0,5,
Round 244: 9,0,1,2,5,6,7,
Round 245: 0,1,3,4,7,8,9,
Round 246: 0,1,2,5,6,9,3,
Round 247: 1,3,0,4,7,8,2,
Round 248: 0,2,3,5,6,9,1,
Round 249: 1,2,4,7,8,0,3,
Round 250: 9,0,1,3,4,5,6,
