Round 1: 1,0,3,4,5,6,8,
Round 2: 0,5,1,3,6,8,9,
Round 3: 0,1,3,5,8,4,6,
Round 4: 0,1,3,4,5,6,8,
Round 5: 0,1,3,4,5,6,8,
Round 6: 0,3,5,1,4,6,8,
Round 7: 0,1,3,5,6,4,8,
Round 8: 0,1,3,4,5,6,8,
Round 9: 0,1,3,5,4,6,8,
Round 10: 0,1,3,4,5,6,8,
Round 11: 0,1,3,4,5,6,8,
Round 12: 0,1,3,4,5,6,8,
Round 13: 0,1,3,4,5,6,8,
Round 14: 0,1,3,4,5,6,8,
Round 15: 0,1,3,4,5,6,8,
Round 16: 0,1,3,4,5,6,8,
Round 17: 0,1,3,4,5,6,8,
Round 18: 0,1,3,4,5,6,8,
Round 19: 0,1,3,4,5,6,8,
Round 20: 0,1,3,4,5,6,8,
Round 21: 3,0,1,4,5,6,8,
Round 22: 0,1,3,4,5,6,8,
Round 23: 0,1,3,4,5,6,8,
Round 24: 0,1,3,4,5,6,8,
Round 25: 0,1,3,4,5,6,8,
Round 26: 0,1,3,4,5,6,8,
Round 27: 0,1,3,4,5,6,8,
Round 28: 0,1,3,4,5,6,8,
Round 29: 0,1,3,4,5,6,9,
Round 30: 0,1,3,4,5,6,8,
Round 31: 0,3,4,5,6,8,1,
Round 32: 0,1,3,4,5,6,8,
Round 33: 0,1,3,4,5,6,8,
Round 34: 0,1,3,4,5,6,8,
Round 35: 0,1,3,4,5,6,8,
Round 36: 0,1,3,4,5,6,8,
Round 37: 0,1,3,4,5,6,8,
Round 38: 0,1,3,4,5,6,8,
Round 39: 0,1,3,4,5,6,8,
Round 40: 0,1,3,4,5,6,8,
Round 41: 0,1,3,4,5,6,8,
Round 42: 0,1,3,4,5,6,8,
Round 43: 0,1,3,4,5,6,8,
Round 44: 0,1,3,4,5,6,8,
Round 45: 0,1,3,4,5,6,8,
Round 46: 0,1,3,4,5,6,8,
Round 47: 0,1,3,4,5,6,8,
Round 48: 0,1,3,4,5,6,8,
Round 49: 0,1,3,4,5,6,8,
Round 50: 0,1,3,4,5,6,8,
Round 51: 0,1,3,4,5,6,8,
Round 52: 0,1,3,4,5,6,8,
Round 53: 0,1,3,4,5,6,8,
Round 54: 0,1,3,4,5,6,8,
Round 55: 0,1,3,4,5,6,8,
Round 56: 0,1,3,4,5,6,8,
Round 57: 0,1,3,4,5,6,8,
Round 58: 0,1,3,4,5,6,8,
Round 59: 0,1,3,4,5,6,8,
Round 60: 0,1,3,4,5,6,8,
Round 61: 0,1,3,4,5,6,8,
Round 62: 0,1,3,4,5,6,8,
Round 63: 0,1,3,4,5,6,8,
Round 64: 0,1,3,4,5,6,8,
Round 65: 0,1,3,4,5,6,8,
Round 66: 0,1,3,4,5,6,8,
Round 67: 0,1,3,4,5,6,8,
Round 68: 0,1,3,4,5,6,8,
Round 69: 0,1,3,4,5,6,8,
Round 70: 0,1,3,4,5,6,8,
Round 71: 0,1,3,4,5,6,8,
Round 72: 0,1,3,4,5,6,8,
Round 73: 0,1,3,4,5,6,8,
Round 74: 0,1,3,4,5,6,8,
Round 75: 0,1,3,4,5,6,8,
Round 76: 0,1,3,4,5,6,8,
Round 77: 0,1,3,4,5,6,8,
Round 78: 0,1,3,4,5,6,8,
Round 79: 0,1,3,4,5,6,8,
Round 80: 0,1,3,4,5,6,8,
Round 81: 0,1,3,4,5,6,8,
Round 82: 0,1,3,4,5,6,8,
Round 83: 0,1,3,4,5,6,8,
Round 84: 0,1,3,4,5,6,8,
Round 85: 0,1,3,4,5,6,8,
Round 86: 0,1,3,4,5,6,8,
Round 87: 0,1,3,4,5,6,8,
Round 88: 0,1,3,4,5,6,8,
Round 89: 0,1,3,4,5,6,8,
Round 90: 0,1,3,4,5,6,8,
Round 91: 0,1,3,4,5,6,8,
Round 92: 0,1,3,4,5,6,8,
Round 93: 0,1,3,4,5,6,8,
Round 94: 0,1,3,4,5,6,8,
Round 95: 0,1,3,5,2,4,6,
Round 96: 0,1,3,4,5,6,8,
Round 97: 0,1,3,4,5,6,8,
Round 98: 0,1,3,4,5,6,8,
Round 99: 0,1,3,4,5,6,8,
Round 100: 0,1,3,4,5,6,8,
Round 101: 0,1,3,4,5,6,8,
Round 102: 0,1,3,4,5,6,8,
Round 103: 0,1,3,4,5,6,8,
Round 104: 0,1,3,4,5,6,8,
Round 105: 0,1,3,4,5,6,8,
Round 106: 0,1,3,4,5,6,8,
Round 107: 0,1,3,4,5,6,8,
Round 108: 0,1,3,4,5,6,8,
Round 109: 0,1,3,4,5,6,8,
Round 110: 0,1,3,4,5,6,8,
Round 111: 0,1,3,4,5,6,8,
Round 112: 0,1,3,4,5,6,8,
Round 113: 0,1,3,4,5,6,8,
Round 114: 0,1,3,4,5,6,8,
Round 115: 0,1,3,4,5,6,8,
Round 116: 0,1,3,4,5,6,8,
Round 117: 0,1,3,4,5,6,8,
Round 118: 0,1,3,4,5,6,8,
Round 119: 0,1,3,4,5,6,8,
Round 120: 0,1,3,4,5,6,8,
Round 121: 0,1,3,4,5,6,8,
Round 122: 0,1,3,4,5,6,8,
Round 123: 0,1,3,4,5,6,8,
Round 124: 0,1,3,4,5,6,8,
Round 125: 0,1,3,4,5,6,8,
Round 126: 0,1,3,4,5,6,8,
Round 127: 0,1,3,4,5,6,8,
Round 128: 0,1,3,4,5,6,8,
Round 129: 0,1,3,4,5,6,8,
Round 130: 0,1,3,4,5,6,8,
Round 131: 0,1,3,4,5,6,8,
Round 132: 0,1,3,4,5,6,8,
Round 133: 0,1,3,4,5,6,8,
Round 134: 0,1,3,4,5,6,8,
Round 135: 0,1,3,4,5,6,8,
Round 136: 0,1,3,4,5,6,8,
Round 137: 0,1,3,4,5,6,8,
Round 138: 0,1,3,4,5,6,8,
Round 139: 0,1,3,4,5,6,8,
Round 140: 0,1,3,4,5,6,8,
Round 141: 0,1,3,4,5,6,8,
Round 142: 0,1,3,4,5,6,8,
Round 143: 0,1,3,4,5,6,8,
Round 144: 0,1,3,4,5,6,8,
Round 145: 0,1,3,4,5,6,8,
Round 146: 0,1,3,4,5,6,8,
Round 147: 0,1,3,4,5,6,8,
Round 148: 0,1,3,4,5,6,8,
Round 149: 0,1,4,5,6,8,2,
Round 150: 0,1,3,4,5,6,8,
Round 151: 0,1,3,4,5,6,8,
Round 152: 0,1,3,4,5,6,8,
Round 153: 0,1,3,4,5,6,8,
Round 154: 0,1,3,4,5,6,8,
Round 155: 0,1,3,4,5,6,8,
Round 156: 0,1,3,4,5,6,8,
Round 157: 0,1,3,4,5,6,8,
Round 158: 0,1,3,4,5,6,8,
Round 159: 0,1,3,4,5,6,8,
Round 160: 0,1,3,4,5,6,8,
Round 161: 0,1,3,4,5,6,8,
Round 162: 0,1,3,4,5,6,8,
Round 163: 0,1,3,4,5,6,8,
Round 164: 0,1,3,4,5,6,8,
Round 165: 0,1,3,5,6,8,2,
Round 166: 0,1,3,5,6,8,9,
Round 167: 0,1,3,5,6,8,9,
Round 168: 0,1,3,5,6,8,9,
Round 169: 0,1,3,5,8,9,2,
Round 170: 0,1,3,5,6,8,9,
Round 171: 0,1,3,5,6,8,9,
Round 172: 0,1,3,5,6,8,9,
Round 173: 0,1,3,5,6,8,9,
Round 174: 0,1,3,5,6,8,9,
Round 175: 0,1,3,5,6,8,9,
Round 176: 0,1,3,5,6,8,9,
Round 177: 0,1,3,5,6,8,9,
Round 178: 0,1,3,5,6,8,9,
Round 179: 0,1,3,5,6,8,9,
Round 180: 0,1,5,6,8,9,2,
Round 181: 0,1,3,5,6,8,9,
Round 182: 0,1,3,5,6,8,9,
Round 183: 0,1,3,5,6,8,9,
Round 184: 0,1,3,5,6,8,2,
Round 185: 0,1,3,5,6,8,9,
Round 186: 0,1,3,5,6,8,9,
Round 187: 0,1,3,5,6,8,9,
Round 188: 0,1,3,5,6,8,9,
Round 189: 0,1,3,5,6,8,9,
Round 190: 0,1,3,5,6,8,9,
Round 191: 0,1,3,5,6,8,9,
Round 192: 0,1,3,5,6,8,9,
Round 193: 0,1,3,5,6,8,9,
Round 194: 0,1,3,5,6,8,9,
Round 195: 0,1,3,5,6,8,9,
Round 196: 0,1,3,5,6,8,9,
Round 197: 0,1,3,5,6,8,9,
Round 198: 0,1,3,5,6,8,9,
Round 199: 0,1,3,5,6,8,9,
Round 200: 0,1,3,5,6,8,2,
Round 201: 0,1,3,5,6,8,9,
Round 202: 0,1,3,5,6,8,2,
Round 203: 0,1,3,5,6,8,9,
Round 204: 0,1,3,5,6,8,9,
Round 205: 0,1,3,5,6,8,9,
Round 206: 0,1,3,5,6,8,9,
Round 207: 0,1,3,5,6,8,9,
Round 208: 0,1,3,5,6,8,9,
Round 209: 0,1,3,5,6,8,9,
Round 210: 5,0,1,3,6,8,9,
Round 211: 0,1,3,5,6,8,9,
Round 212: 0,1,3,5,6,8,2,
Round 213: 0,1,3,5,6,8,9,
Round 214: 0,1,3,5,6,8,9,
Round 215: 0,1,3,5,6,8,9,
Round 216: 0,1,3,5,6,8,9,
Round 217: 0,1,3,5,8,2,4,
Round 218: 0,1,3,5,6,8,9,
Round 219: 0,1,3,5,6,8,9,
Round 220: 0,1,3,5,6,8,9,
Round 221: 0,1,3,5,6,8,9,
Round 222: 0,1,3,5,6,8,9,
Round 223: 0,1,3,5,6,8,9,
Round 224: 0,1,3,5,6,8,9,
Round 225: 0,1,3,5,6,8,9,
Round 226: 0,1,3,5,6,8,9,
Round 227: 0,1,3,5,6,8,9,
Round 228: 0,1,3,5,6,8,9,
Round 229: 0,1,3,5,6,8,9,
Round 230: 0,1,3,5,6,8,2,
Round 231: 0,1,3,5,6,8,9,
Round 232: 0,1,5,8,2,3,4,
Round 233: 0,1,3,5,6,8,2,
Round 234: 0,1,3,5,6,8,9,
Round 235: 0,1,3,5,6,8,9,
Round 236: 0,1,3,5,6,8,9,
Round 237: 0,1,3,5,6,8,9,
Round 238: 0,1,3,5,6,8,9,
Round 239: 0,1,3,5,6,8,9,
Round 240: 0,1,3,5,6,8,9,
Round 241: 0,1,3,5,6,8,9,
Round 242: 0,1,3,5,6,8,9,
Round 243: 0,1,3,5,6,8,9,
Round 244: 0,1,3,5,6,8,9,
Round 245: 0,1,3,5,6,8,9,
Round 246: 0,1,3,5,6,8,9,
Round 247: 0,1,3,5,6,8,9,
Round 248: 0,1,3,5,6,8,9,
Round 249: 0,1,3,5,6,8,9,
Round 250: 0,1,3,5,6,8,9,
Round 251: 0,1,3,5,6,8,2,
Round 252: 0,1,3,5,6,8,9,
Round 253: 0,1,3,5,6,8,9,
Round 254: 0,1,3,5,6,8,9,
Round 255: 0,1,3,5,6,8,9,
Round 256: 0,1,3,5,6,8,9,
Round 257: 0,1,3,5,6,8,9,
Round 258: 0,1,3,5,6,8,9,
Round 259: 0,1,3,5,6,8,9,
Round 260: 0,1,3,5,6,8,9,
